GyroX
72
57
65
70
60
45
53
23
70
34
56
58
70
58
63
68
71
59
77
51
59
51
74
51
53
61
66
78
62
57
72
62
59
36
60
52
41
66
71
65
54
62
42
69
53
61
67
66
66
57
68
68
65
61
61
59
76
57
69
72
59
50
71
69
57
52
62
58
69
54
52
46
65
68
72
61
59
61
67
60
67
68
60
61
58
47
34
47
64
69
64
65
44
59
70
46
68
63
81
54
50
76
55
56
54
58
49
54
57
39
54
47
75
53
56
54
60
66
62
69
52
56
49
60
50
69
57
61
68
74
63
36
61
57
50
43
54
57
66
55
48
50
68
62
43
57
58
56
64
48
62
68
65
55
57
43
58
62
36
61
65
45
61
40
50
61
62
59
51
67
55
64
50
58
60
68
50
61
75
65
50
70
68
69
73
75
50
59
75
60
56
66
63
62
43
50
65
50
59
43
61
48
42
59
52
56
42
59
65
59
54
44
48
51
40
63
65
72
54
48
61
68
54
54
55
64
67
51
54
59
68
54
55
57
34
60
57
59
49
49
67
52
45
49
32
36
67
53
54
34
-77
-3726
-5022
-5089
-6017
-6983
-7931
-7375
-8704
-6909
-7857
-5585
-4250
-6768
-8132
-6414
-6911
-5620
-6995
-5401
-4707
-2177
-2477
1031
-164
695
384
874
1757
1523
932
1845
1613
1785
-625
910
2585
3583
4843
4392
6275
5282
5902
7237
8051
9443
10871
10245
7056
7431
6634
4889
6055
7105
1700
94
115
59
67
31
67
72
76
101
74
20
88
60
54
-16
30
46
46
55
56
55
45
64
43
53
59
53
49
76
51
65
67
60
59
52
68
54
49
59
41
59
72
67
48
50
61
49
62
58
58
45
63
60
45
54
43
56
48
53
58
63
80
59
67
63
70
60
44
58
68
55
55
47
64
26
58
55
49
54
56
78
61
73
70
50
65
63
54
47
62
58
56
46
53
57
54
35
64
52
71
63
65
57
42
58
55
72
43
62
55
61
51
71
60
67
44
56
65
63
66
72
61
65
66
66
48
56
52
50
58
73
65
64
57
51
70
61
48
69
55
42
61
52
67
56
54
68
45
53
64
55
68
70
64
73
39
51
66
41
74
66
37
49
48
62
63
50
43
48
-20


GyroY
-121
-123
-123
-111
-122
-123
-124
-125
-112
-112
-137
-122
-120
-125
-121
-117
-116
-127
-121
-121
-120
-134
-113
-121
-114
-127
-114
-127
-120
-120
-128
-128
-131
-120
-121
-120
-119
-128
-113
-118
-119
-114
-118
-120
-118
-112
-121
-122
-124
-121
-116
-119
-124
-126
-104
-138
-123
-121
-130
-113
-120
-141
-127
-113
-122
-125
-126
-128
-114
-123
-116
-112
-129
-127
-113
-124
-112
-115
-119
-121
-131
-123
-128
-120
-138
-116
-125
-110
-124
-123
-118
-113
-125
-117
-138
-118
-120
-126
-116
-125
-132
-116
-124
-132
-111
-126
-119
-120
-126
-117
-117
-114
-119
-119
-134
-118
-126
-129
-122
-113
-124
-120
-116
-114
-122
-122
-115
-132
-106
-117
-124
-121
-118
-116
-121
-111
-123
-120
-120
-121
-124
-121
-112
-120
-117
-125
-131
-137
-117
-115
-117
-111
-126
-139
-115
-126
-125
-128
-127
-127
-130
-127
-126
-135
-125
-127
-122
-128
-119
-117
-118
-126
-118
-117
-125
-114
-128
-124
-119
-115
-115
-118
-118
-141
-126
-132
-115
-125
-118
-122
-128
-119
-124
-135
-134
-138
-109
-119
-127
-133
-115
-122
-124
-121
-120
-112
-148
-119
-129
-138
-114
-126
-131
-129
-120
-121
-124
-126
-121
-111
-120
-130
-124
-124
-130
-118
-124
-123
-124
-120
-115
-132
-126
-124
-122
-133
-132
-132
-112
-115
-119
-121
-124
-126
-128
-132
-130
-120
-124
-125
-117
-276
-349
-391
-178
-109
215
373
-1009
-586
-514
2290
699
7
-2766
-3597
-1118
-530
-324
-768
-983
-361
-606
66
-95
-61
-136
-10
76
-129
-89
-19
-89
-16
-163
-82
488
427
885
438
1072
280
1087
482
1101
1133
1043
-772
301
-31
-119
-43
-147
20
-1020
-190
-124
-116
-111
-118
-138
-136
-135
-125
-127
-105
-125
-110
-122
-120
-125
-124
-120
-133
-122
-125
-131
-115
-118
-121
-120
-129
-110
-127
-118
-136
-106
-115
-122
-130
-121
-110
-109
-130
-123
-117
-119
-105
-119
-123
-120
-106
-124
-126
-121
-114
-117
-114
-121
-121
-113
-115
-112
-131
-122
-114
-122
-121
-128
-128
-117
-131
-121
-124
-118
-131
-121
-121
-117
-115
-115
-122
-115
-123
-110
-113
-126
-130
-118
-121
-123
-118
-124
-110
-127
-114
-103
-136
-123
-122
-118
-129
-116
-114
-115
-122
-122
-118
-121
-125
-124
-138
-129
-114
-116
-116
-135
-124
-123
-126
-135
-123
-123
-125
-119
-126
-128
-108
-114
-120
-101
-122
-128
-119
-122
-118
-120
-110
-132
-133
-118
-134
-132
-112
-133
-122
-117
-115
-115
-124
-118
-125
-125
-117
-119
-125
-110
-121
-112
-133
-119
-122
-115
-124
-129
-129
-100
-127
-123
-113
-123
-126
-131
-119
-103


GyroZ
-302
-329
-314
-324
-311
-315
-319
-313
-292
-297
-305
-320
-320
-316
-316
-311
-336
-323
-294
-308
-302
-318
-318
-305
-297
-324
-310
-315
-326
-299
-312
-305
-310
-316
-308
-319
-317
-318
-311
-303
-316
-327
-312
-317
-313
-317
-307
-301
-313
-303
-321
-318
-304
-327
-308
-310
-319
-316
-300
-299
-312
-299
-317
-329
-317
-305
-314
-306
-308
-310
-324
-320
-321
-324
-313
-292
-318
-311
-323
-300
-316
-310
-300
-316
-316
-317
-335
-320
-326
-305
-324
-315
-305
-304
-318
-305
-333
-301
-326
-306
-318
-303
-323
-321
-329
-305
-293
-299
-315
-311
-306
-314
-317
-306
-321
-309
-307
-313
-320
-325
-318
-318
-320
-318
-325
-304
-321
-307
-318
-319
-317
-314
-311
-330
-326
-307
-306
-313
-311
-333
-318
-313
-337
-303
-313
-328
-337
-312
-313
-305
-316
-309
-305
-320
-308
-314
-319
-298
-327
-308
-318
-325
-321
-312
-317
-320
-320
-315
-306
-310
-319
-320
-320
-288
-324
-308
-322
-318
-323
-304
-324
-310
-308
-320
-300
-313
-312
-302
-312
-309
-295
-310
-304
-307
-306
-314
-311
-325
-311
-310
-308
-311
-290
-301
-325
-329
-337
-326
-303
-301
-309
-312
-299
-314
-323
-314
-321
-323
-326
-323
-298
-323
-308
-318
-307
-308
-300
-326
-308
-304
-319
-309
-313
-295
-324
-326
-323
-316
-319
-312
-315
-331
-314
-324
-317
-299
-322
-315
-294
-307
-281
-235
1100
1243
-77
-903
-1448
-1582
-764
-1145
-1390
-1292
-1492
-563
-556
-1678
-797
-985
-278
-127
-110
-234
-253
-363
-320
-328
-306
-321
-389
-308
-330
-347
-351
-352
-289
-321
-506
-534
-714
22
59
183
-40
410
-56
23
285
207
-1181
-334
94
-219
914
388
-1073
-329
915
-320
349
747
-284
-321
-300
-311
-335
-332
-316
-314
-315
-315
-322
-312
-320
-288
-308
-328
-317
-321
-329
-293
-304
-321
-328
-303
-316
-311
-317
-310
-325
-307
-311
-298
-331
-304
-317
-325
-308
-323
-317
-308
-328
-322
-318
-318
-319
-315
-322
-311
-321
-307
-318
-313
-309
-321
-319
-318
-319
-295
-311
-324
-322
-316
-302
-312
-316
-292
-314
-300
-316
-318
-328
-305
-313
-305
-325
-309
-321
-329
-314
-327
-305
-324
-318
-315
-310
-303
-318
-315
-299
-303
-301
-305
-305
-337
-315
-316
-337
-314
-308
-337
-315
-335
-324
-324
-311
-309
-343
-327
-322
-323
-322
-312
-333
-322
-318
-298
-318
-317
-305
-308
-323
-309
-301
-301
-321
-308
-325
-301
-317
-330
-322
-305
-318
-313
-324
-327
-326
-324
-322
-316
-301
-334
-313
-311
-298
-291
-303
-311
-315
-312
-322
-305
-315
-315
-307
-320
-316
-325
-323
-322
-312
-302
-305
-311
-321


MagX
336
345
339
343
332
333
338
336
337
349
343
350
344
345
344
337
335
337
341
340
340
348
340
337
342
342
343
342
344
350
336
336
341
341
346
343
334
339
340
347
338
342
340
340
345
337
346
343
338
339
346
339
337
338
348
338
339
335
341
339
340
346
336
342
343
342
343
339
343
344
340
337
347
341
344
339
340
344
349
339
339
336
338
341
344
344
342
345
341
342
337
334
348
333
343
344
333
343
338
341
339
342
342
341
345
341
340
343
336
337
333
342
343
342
344
343
343
343
334
351
337
344
336
343
341
341
342
334
340
338
339
348
337
341
340
345
340
342
336
348
339
338
349
339
335
343
344
345
346
346
338
337
343
337
346
340
342
342
337
344
339
339
340
336
346
341
341
344
335
340
341
338
341
335
342
343
339
342
338
336
344
343
344
346
339
339
340
341
342
346
337
337
342
336
345
347
340
348
339
341
333
342
343
338
338
346
339
346
342
343
346
344
344
337
337
342
340
339
340
337
346
341
338
343
342
348
338
340
333
343
342
340
340
347
339
347
339
344
341
350
339
333
348
340
340
346
343
345
351
336
342
348
338
329
330
346
366
387
407
390
387
390
403
406
403
333
275
260
252
253
244
235
233
225
222
236
225
239
230
232
236
236
239
236
238
241
246
249
250
263
287
308
336
352
374
415
435
455
436
432
426
416
405
391
368
365
364
354
354
347
334
335
336
339
334
339
340
339
339
339
335
342
338
338
336
339
337
340
346
339
343
338
338
340
341
341
334
331
342
341
339
342
332
333
334
338
340
337
339
338
336
337
338
342
333
343
330
339
345
334
342
341
335
335
336
338
344
331
340
340
338
341
339
342
336
338
339
337
335
333
331
337
341
337
345
329
342
334
329
331
338
340
338
342
342
327
341
339
339
340
341
335
339
344
325
340
331
338
339
338
335
343
334
337
335
335
336
341
339
342
331
340
339
343
338
333
341
339
335
340
336
338
340
334
347
336
338
332
341
338
334
338
345
343
338
341
338
339
340
349
338
340
335
339
338
336
336
335
334
343
341
338
333
339
335
331
337
330
338
339
343
344
342
338
348


MagY
-1403
-1399
-1399
-1388
-1397
-1391
-1396
-1393
-1396
-1400
-1394
-1394
-1401
-1397
-1395
-1393
-1395
-1398
-1396
-1397
-1398
-1394
-1394
-1401
-1399
-1404
-1398
-1400
-1399
-1398
-1398
-1395
-1397
-1394
-1398
-1399
-1404
-1401
-1392
-1395
-1400
-1398
-1394
-1394
-1399
-1401
-1396
-1396
-1400
-1395
-1401
-1403
-1396
-1401
-1399
-1400
-1398
-1392
-1395
-1391
-1402
-1396
-1398
-1392
-1400
-1401
-1393
-1401
-1397
-1395
-1397
-1397
-1394
-1395
-1403
-1402
-1390
-1399
-1398
-1394
-1395
-1399
-1400
-1396
-1404
-1390
-1399
-1399
-1398
-1398
-1391
-1394
-1395
-1404
-1399
-1397
-1392
-1393
-1396
-1402
-1400
-1397
-1391
-1399
-1395
-1394
-1397
-1401
-1397
-1401
-1391
-1399
-1395
-1391
-1395
-1402
-1389
-1400
-1398
-1395
-1394
-1394
-1403
-1397
-1392
-1390
-1398
-1395
-1398
-1398
-1402
-1394
-1401
-1396
-1393
-1395
-1401
-1402
-1388
-1397
-1390
-1393
-1391
-1398
-1400
-1398
-1399
-1394
-1398
-1397
-1400
-1397
-1400
-1392
-1401
-1395
-1392
-1396
-1396
-1401
-1401
-1397
-1395
-1397
-1398
-1402
-1396
-1393
-1395
-1392
-1399
-1392
-1402
-1401
-1394
-1396
-1396
-1395
-1393
-1400
-1400
-1396
-1399
-1399
-1393
-1407
-1392
-1400
-1394
-1400
-1390
-1400
-1390
-1400
-1405
-1389
-1402
-1393
-1399
-1400
-1397
-1400
-1403
-1399
-1400
-1393
-1399
-1397
-1398
-1395
-1392
-1395
-1398
-1396
-1399
-1390
-1398
-1404
-1400
-1389
-1394
-1399
-1401
-1399
-1399
-1394
-1400
-1388
-1394
-1405
-1392
-1391
-1401
-1395
-1397
-1396
-1396
-1402
-1392
-1399
-1397
-1395
-1398
-1400
-1397
-1398
-1400
-1394
-1388
-1394
-1395
-1338
-1213
-1070
-905
-720
-462
-215
38
283
510
723
878
1014
1215
1382
1540
1674
1778
1908
1970
2023
2066
2082
2061
2053
2054
2050
2036
2004
1988
1975
1952
1914
1910
1910
1887
1837
1759
1667
1567
1432
1306
1142
942
704
420
101
-158
-361
-594
-765
-936
-1147
-1371
-1365
-1381
-1383
-1380
-1394
-1403
-1400
-1405
-1409
-1406
-1399
-1402
-1406
-1401
-1402
-1407
-1397
-1394
-1402
-1395
-1400
-1401
-1404
-1396
-1396
-1395
-1400
-1402
-1394
-1398
-1393
-1397
-1408
-1393
-1388
-1398
-1401
-1396
-1402
-1403
-1399
-1404
-1399
-1390
-1400
-1399
-1402
-1398
-1403
-1397
-1401
-1392
-1397
-1394
-1397
-1404
-1394
-1397
-1401
-1394
-1400
-1398
-1399
-1401
-1395
-1395
-1395
-1398
-1401
-1399
-1400
-1395
-1400
-1403
-1396
-1398
-1396
-1401
-1398
-1403
-1391
-1399
-1401
-1402
-1398
-1395
-1399
-1395
-1402
-1403
-1405
-1403
-1401
-1400
-1396
-1398
-1402
-1399
-1401
-1397
-1402
-1399
-1400
-1400
-1400
-1407
-1396
-1392
-1402
-1399
-1400
-1390
-1400
-1400
-1393
-1398
-1393
-1405
-1403
-1396
-1401
-1397
-1399
-1403
-1397
-1402
-1398
-1402
-1397
-1404
-1402
-1407
-1403
-1403
-1396
-1395
-1401
-1402
-1397
-1395
-1404
-1400
-1404
-1399
-1392
-1397
-1398
-1399
-1395
-1398
-1407
-1391
-1402
-1400
-1390
-1400
-1396
-1396
-1393
-1401
-1394
-1394
-1402
-1398
-1396
-1398
-1391
-1404
-1402
-1390


MagZ
-2445
-2440
-2443
-2438
-2448
-2447
-2443
-2453
-2449
-2437
-2441
-2449
-2441
-2454
-2439
-2443
-2439
-2440
-2446
-2447
-2448
-2443
-2441
-2438
-2442
-2441
-2437
-2446
-2449
-2446
-2439
-2433
-2442
-2441
-2445
-2447
-2447
-2443
-2443
-2441
-2446
-2446
-2450
-2445
-2449
-2440
-2445
-2448
-2443
-2444
-2452
-2452
-2448
-2443
-2441
-2449
-2439
-2451
-2445
-2440
-2438
-2437
-2441
-2450
-2444
-2451
-2441
-2441
-2447
-2447
-2440
-2450
-2436
-2440
-2434
-2439
-2430
-2443
-2449
-2452
-2450
-2445
-2439
-2440
-2445
-2446
-2446
-2450
-2446
-2446
-2441
-2437
-2442
-2438
-2454
-2442
-2444
-2442
-2441
-2441
-2440
-2447
-2444
-2440
-2436
-2439
-2449
-2446
-2456
-2445
-2440
-2435
-2441
-2444
-2438
-2447
-2445
-2445
-2447
-2433
-2440
-2445
-2438
-2450
-2441
-2442
-2443
-2439
-2436
-2448
-2441
-2444
-2440
-2445
-2440
-2443
-2447
-2446
-2442
-2452
-2439
-2442
-2443
-2442
-2447
-2450
-2437
-2440
-2441
-2442
-2445
-2443
-2438
-2448
-2450
-2442
-2444
-2447
-2445
-2447
-2442
-2442
-2446
-2443
-2436
-2448
-2447
-2449
-2442
-2440
-2442
-2444
-2447
-2446
-2444
-2448
-2442
-2438
-2443
-2444
-2441
-2441
-2445
-2442
-2439
-2444
-2443
-2445
-2446
-2446
-2445
-2441
-2446
-2441
-2442
-2442
-2443
-2442
-2439
-2441
-2440
-2439
-2443
-2441
-2443
-2434
-2442
-2437
-2440
-2439
-2443
-2449
-2444
-2440
-2445
-2447
-2444
-2442
-2446
-2445
-2449
-2441
-2436
-2443
-2447
-2448
-2441
-2443
-2437
-2440
-2441
-2443
-2437
-2446
-2437
-2431
-2436
-2440
-2438
-2442
-2447
-2446
-2438
-2441
-2450
-2439
-2446
-2447
-2437
-2433
-2440
-2456
-2500
-2540
-2585
-2608
-2628
-2622
-2594
-2565
-2525
-2456
-2401
-2339
-2225
-2134
-2034
-1925
-1816
-1683
-1574
-1491
-1441
-1421
-1446
-1439
-1466
-1474
-1495
-1535
-1558
-1590
-1618
-1654
-1676
-1662
-1689
-1754
-1835
-1937
-2013
-2118
-2193
-2283
-2369
-2457
-2527
-2578
-2595
-2601
-2584
-2570
-2545
-2498
-2436
-2441
-2444
-2434
-2438
-2441
-2437
-2448
-2444
-2446
-2443
-2441
-2436
-2439
-2441
-2438
-2442
-2435
-2442
-2440
-2442
-2430
-2441
-2433
-2439
-2437
-2428
-2433
-2442
-2441
-2445
-2442
-2442
-2441
-2439
-2444
-2439
-2438
-2441
-2445
-2442
-2436
-2435
-2440
-2438
-2444
-2449
-2445
-2436
-2440
-2443
-2438
-2433
-2443
-2442
-2439
-2440
-2435
-2443
-2444
-2437
-2443
-2443
-2433
-2433
-2437
-2435
-2436
-2442
-2438
-2442
-2441
-2443
-2435
-2438
-2448
-2442
-2442
-2440
-2433
-2437
-2440
-2444
-2449
-2436
-2443
-2441
-2433
-2443
-2433
-2442
-2443
-2431
-2434
-2436
-2436
-2440
-2444
-2447
-2442
-2435
-2438
-2438
-2442
-2450
-2439
-2441
-2441
-2440
-2443
-2433
-2443
-2442
-2441
-2441
-2437
-2440
-2439
-2437
-2446
-2440
-2445
-2439
-2443
-2440
-2438
-2439
-2438
-2440
-2439
-2437
-2435
-2442
-2443
-2447
-2441
-2447
-2441
-2438
-2436
-2434
-2440
-2438
-2442
-2436
-2440
-2434
-2438
-2443
-2442
-2445
-2438
-2439
-2437
-2439
-2438
-2439
-2437
-2437
-2432
-2440
-2439
-2443
-2436
-2442
-2441
-2438
-2436
-2436
-2441
-2441


AccX
299
262
261
281
276
279
326
273
275
267
291
275
300
285
274
288
277
271
282
287
278
262
292
303
289
282
269
279
313
301
273
263
256
304
295
287
267
282
272
273
248
284
303
265
299
261
293
280
269
280
282
289
281
297
276
298
273
273
279
290
278
256
283
281
294
289
245
284
305
284
285
297
276
259
236
280
271
291
272
306
286
293
277
273
290
294
307
280
301
266
274
267
304
280
296
287
324
296
290
281
279
265
281
291
275
279
298
272
281
272
272
276
313
289
308
283
273
313
238
278
259
287
295
271
296
286
257
276
291
285
286
261
294
280
282
297
273
291
289
282
267
289
268
287
234
308
288
311
278
298
274
270
301
285
241
276
270
266
302
308
287
265
268
273
295
268
292
282
298
270
329
293
271
291
266
296
266
274
278
300
294
303
275
320
308
283
300
266
269
276
283
274
260
293
278
283
315
282
280
288
274
308
286
305
288
299
283
285
275
276
293
301
252
278
263
315
305
286
254
301
262
282
288
283
296
289
303
298
298
296
254
277
281
289
303
301
306
263
282
273
299
290
303
280
278
75
294
279
321
292
319
3534
213
-427
-583
189
329
707
1047
473
1138
47
1042
1517
-1310
932
1057
1882
1706
1766
1542
1714
1728
1710
1700
1740
1683
1728
1717
1678
1713
1727
1649
1771
1614
1710
1757
1586
3307
807
1683
1298
1473
814
792
952
279
418
1028
279
-538
517
-76
1024
607
1725
-467
394
82
-154
301
234
322
268
295
380
230
248
293
252
315
273
248
306
270
284
314
259
266
307
287
261
268
273
275
290
295
275
300
319
289
307
291
299
297
285
264
284
277
255
277
251
279
295
269
258
295
284
265
290
254
298
311
268
287
287
273
270
264
258
249
272
282
255
288
274
298
297
270
287
286
289
301
251
267
311
291
274
254
281
321
283
244
301
299
280
269
280
283
301
266
292
292
269
280
277
289
270
307
279
263
277
261
289
298
266
270
284
296
302
297
279
295
308
290
262
301
273
282
295
298
301
268
278
280
294
309
271
268
283
282
231
303
294
290
270
295
313
281
280
262
273
302
288
268
301
282
287
281
265
276
292
274
278
318
274
244
285
254
261
302
280
287
291
282


AccY
-390
-373
-390
-382
-344
-337
-354
-377
-364
-380
-351
-358
-367
-381
-369
-367
-380
-367
-377
-356
-381
-368
-364
-336
-373
-356
-373
-351
-366
-397
-370
-351
-375
-379
-369
-359
-383
-355
-360
-359
-349
-360
-367
-345
-351
-366
-362
-349
-361
-372
-383
-353
-384
-356
-377
-354
-396
-380
-373
-380
-357
-366
-368
-346
-358
-357
-341
-372
-352
-375
-392
-382
-378
-375
-368
-353
-365
-380
-357
-359
-364
-375
-364
-370
-400
-344
-364
-343
-353
-356
-379
-367
-393
-368
-388
-334
-384
-345
-367
-362
-359
-357
-394
-344
-384
-358
-361
-347
-367
-351
-377
-356
-341
-385
-390
-372
-359
-347
-369
-362
-368
-385
-370
-370
-365
-360
-380
-367
-348
-342
-367
-359
-386
-379
-360
-358
-342
-323
-387
-375
-380
-350
-379
-346
-387
-346
-349
-348
-346
-337
-355
-401
-340
-368
-344
-367
-353
-377
-376
-386
-365
-378
-332
-352
-373
-372
-367
-338
-362
-369
-320
-369
-378
-385
-375
-338
-377
-366
-377
-372
-349
-373
-366
-343
-361
-355
-372
-355
-353
-336
-368
-366
-343
-362
-363
-378
-355
-394
-338
-390
-368
-379
-345
-376
-345
-380
-382
-368
-354
-384
-342
-372
-357
-342
-354
-351
-376
-347
-397
-338
-379
-351
-354
-361
-379
-340
-372
-353
-344
-343
-344
-349
-364
-343
-369
-352
-366
-371
-365
-384
-348
-407
-343
-342
-349
153
-344
-358
-363
-378
-249
115
-1908
-2894
-4318
-5704
-6337
-7364
-8462
-9859
-11061
-11576
-12368
-13134
-12660
-14451
-15067
-15385
-15859
-16101
-16433
-16468
-16636
-16443
-16529
-16496
-16486
-16488
-16352
-16340
-16325
-16209
-16162
-16038
-16147
-16102
-15943
-15617
-15708
-15065
-14425
-13991
-13381
-12377
-11525
-10208
-8377
-7761
-6459
-5031
-5002
-3426
-2299
-310
-496
387
-287
-388
-202
-538
-314
-381
-356
-350
-291
-315
-347
-327
-359
-358
-348
-355
-354
-367
-357
-394
-334
-389
-336
-373
-366
-383
-364
-384
-361
-392
-355
-379
-383
-355
-369
-368
-367
-357
-376
-352
-370
-347
-380
-367
-364
-370
-358
-375
-355
-364
-369
-375
-362
-387
-364
-358
-369
-361
-379
-360
-371
-335
-375
-351
-382
-375
-369
-381
-384
-360
-372
-384
-359
-385
-390
-390
-363
-358
-386
-357
-353
-358
-357
-347
-356
-368
-328
-404
-360
-392
-352
-393
-340
-392
-368
-358
-353
-356
-362
-359
-364
-348
-378
-360
-393
-356
-392
-347
-372
-340
-376
-347
-363
-372
-366
-359
-385
-392
-371
-378
-376
-400
-354
-371
-377
-396
-338
-383
-326
-424
-324
-365
-350
-382
-334
-380
-372
-344
-360
-374
-381
-337
-369
-345
-364
-391
-393
-372
-354
-353
-385
-364
-359
-368
-406
-368
-371
-358
-355
-350
-380
-384
-366
-352
-353
-359
-352
-373
-411


AccZ
17645
17662
17723
17651
17681
17695
17607
17654
17661
17625
17614
17649
17613
17646
17693
17642
17582
17661
17640
17619
17657
17617
17583
17681
17618
17662
17635
17650
17669
17670
17657
17608
17639
17655
17652
17636
17657
17682
17659
17621
17671
17632
17606
17617
17632
17726
17700
17666
17659
17638
17638
17638
17615
17608
17672
17675
17610
17652
17666
17573
17677
17627
17689
17632
17583
17705
17620
17648
17660
17621
17718
17697
17668
17649
17614
17655
17658
17696
17675
17634
17649
17652
17622
17663
17648
17697
17651
17615
17619
17638
17666
17602
17615
17648
17668
17666
17721
17630
17598
17696
17619
17691
17630
17655
17668
17664
17661
17640
17615
17613
17675
17700
17589
17603
17741
17651
17640
17687
17655
17585
17640
17690
17684
17625
17663
17646
17670
17630
17651
17676
17653
17672
17666
17655
17647
17604
17596
17624
17699
17566
17649
17669
17727
17652
17621
17638
17594
17665
17616
17588
17628
17664
17635
17650
17658
17632
17676
17631
17621
17645
17652
17602
17599
17639
17657
17648
17626
17651
17664
17603
17654
17685
17582
17646
17618
17646
17632
17663
17687
17664
17637
17654
17634
17659
17622
17698
17664
17618
17606
17673
17659
17670
17640
17690
17566
17618
17666
17601
17699
17641
17647
17581
17647
17677
17685
17689
17636
17658
17635
17734
17613
17635
17599
17665
17685
17653
17645
17624
17648
17719
17619
17576
17659
17682
17663
17695
17626
17710
17670
17632
17646
17609
17674
17677
17655
17675
17668
17655
17570
17688
17615
17669
17649
17655
17684
17617
17653
17698
17710
17610
18827
17373
17512
17048
17918
16556
16460
16204
14413
14828
13177
11951
13710
10193
10606
9110
8102
8101
5209
5435
3981
4130
2475
5825
3441
4880
4090
4210
6247
4580
5258
5700
6584
6903
5157
5632
6458
6821
8848
7706
10790
9806
11335
11722
12861
14075
15971
17526
15935
18304
18253
16967
17365
17363
17695
18303
17636
17647
17634
17708
17613
17666
17644
17640
17701
17599
17588
17638
17640
17677
17641
17703
17682
17662
17682
17664
17642
17672
17625
17673
17646
17637
17618
17651
17649
17628
17646
17647
17689
17692
17643
17677
17624
17604
17676
17672
17609
17644
17636
17653
17677
17676
17671
17650
17637
17644
17625
17632
17662
17662
17717
17584
17629
17633
17618
17618
17627
17618
17683
17609
17716
17707
17642
17676
17699
17653
17642
17649
17629
17659
17695
17609
17652
17646
17670
17631
17666
17648
17652
17671
17647
17656
17716
17685
17665
17650
17713
17670
17660
17688
17646
17668
17649
17656
17702
17632
17654
17652
17673
17637
17669
17635
17662
17621
17663
17627
17637
17599
17597
17668
17701
17629
17653
17695
17658
17573
17676
17659
17627
17672
17647
17709
17644
17681
17658
17600
17630
17692
17633
17616
17646
17650
17695
17665
17705
17678
17657
17615
17655
17621
17653
17643
17681
17668
17632
17681
17633
17692
17690
17625
17622
17676
17619
17622
17685
17635
17639
17666
17677
17706
17647
17703
17628
17646
17926